[gd_scene load_steps=15 format=3 uid="uid://dwfrkf8ieb8lh"]

[ext_resource type="PackedScene" uid="uid://77a870tfiatc" path="res://assets/atrium.glb" id="1_r7g4u"]
[ext_resource type="Script" path="res://src/levels/Level.gd" id="2_kdklr"]
[ext_resource type="Material" uid="uid://rtk5fu1j68ss" path="res://assets/textures/marble.material" id="3_b0o3p"]
[ext_resource type="Material" uid="uid://c7osqxo2jj3c5" path="res://assets/textures/plaster.material" id="4_ftywo"]
[ext_resource type="Material" uid="uid://bjc1h1pmxe4du" path="res://assets/textures/marbletiles.material" id="5_62hq6"]
[ext_resource type="PackedScene" uid="uid://cant0y3v6awlb" path="res://src/Door.tscn" id="6_qxe21"]
[ext_resource type="PackedScene" uid="uid://b5461tcb57ogp" path="res://src/npcs/ShowerBird.tscn" id="7_5il4u"]
[ext_resource type="PackedScene" uid="uid://cboy1akadehu4" path="res://src/npcs/Cow1.tscn" id="8_cwlck"]
[ext_resource type="PackedScene" uid="uid://b1l3rpjpd86do" path="res://src/npcs/BarrelMan.tscn" id="9_qlqam"]
[ext_resource type="PackedScene" uid="uid://d1fd2k3fi0l70" path="res://src/npcs/FuckLizard.tscn" id="10_hxusb"]
[ext_resource type="PackedScene" uid="uid://bt4pwpe8il0if" path="res://src/npcs/Snake.tscn" id="11_1gnbg"]
[ext_resource type="PackedScene" uid="uid://cr55228dipkk1" path="res://src/npcs/AAnteater.tscn" id="12_73c4t"]

[sub_resource type="BoxShape3D" id="BoxShape3D_5wgiw"]
size = Vector3(149.16, 12.117, 109.026)

[sub_resource type="Environment" id="Environment_7krg7"]
background_mode = 1
ambient_light_source = 2
ambient_light_color = Color(0.168627, 0.164706, 0.12549, 1)
tonemap_mode = 3
ssr_enabled = true
glow_enabled = true
glow_bloom = 1.0
glow_blend_mode = 1
volumetric_fog_enabled = true
volumetric_fog_density = 0.009
volumetric_fog_emission = Color(0.85098, 0.854902, 0.623529, 1)

[node name="atrium" instance=ExtResource("1_r7g4u")]
script = ExtResource("2_kdklr")

[node name="floor" parent="." index="0"]
surface_material_override/0 = ExtResource("3_b0o3p")

[node name="Cube" parent="." index="2"]
surface_material_override/0 = ExtResource("4_ftywo")

[node name="Cube_001" parent="." index="3"]
surface_material_override/0 = ExtResource("4_ftywo")

[node name="Cube_002" parent="." index="4"]
surface_material_override/0 = ExtResource("4_ftywo")

[node name="Cube_004" parent="." index="6"]
surface_material_override/0 = ExtResource("3_b0o3p")

[node name="Cube_006" parent="." index="8"]
surface_material_override/0 = ExtResource("3_b0o3p")

[node name="Cube_007" parent="." index="9"]
surface_material_override/0 = ExtResource("3_b0o3p")

[node name="Cube_008" parent="." index="10"]
surface_material_override/0 = ExtResource("3_b0o3p")

[node name="Cube_009" parent="." index="11"]
surface_material_override/0 = ExtResource("4_ftywo")

[node name="Cube_010" parent="." index="12"]
surface_material_override/0 = ExtResource("3_b0o3p")

[node name="Cube_011" parent="." index="13"]
surface_material_override/0 = ExtResource("4_ftywo")

[node name="floor_001" parent="." index="14"]
surface_material_override/0 = ExtResource("5_62hq6")

[node name="Spawns" type="Node3D" parent="." index="16"]

[node name="Marker3D" type="Marker3D" parent="Spawns" index="0"]
transform = Transform3D(1, 0, 0, 0, 1, 0, 0, 0, 1, 0, 0.186531, 21.9506)

[node name="Marker3D2" type="Marker3D" parent="Spawns" index="1"]
transform = Transform3D(1, 0, 0, 0, 1, 0, 0, 0, 1, 21.0595, 0, 0.59192)

[node name="Marker3D3" type="Marker3D" parent="Spawns" index="2"]
transform = Transform3D(1, 0, 0, 0, 1, 0, 0, 0, 1, -21.156, 0, 0)

[node name="Marker3D4" type="Marker3D" parent="Spawns" index="3"]
transform = Transform3D(-1, 0, -8.74228e-08, 0, 1, 0, 8.74228e-08, 0, -1, -0.031245, 5.56401, -42.0089)

[node name="Killplane" type="Area3D" parent="." index="17"]
transform = Transform3D(1, 0, 0, 0, 1, 0, 0, 0, 1, 0, -17.4668, 0)

[node name="CollisionShape3D" type="CollisionShape3D" parent="Killplane" index="0"]
shape = SubResource("BoxShape3D_5wgiw")

[node name="WorldEnvironment" type="WorldEnvironment" parent="." index="18"]
environment = SubResource("Environment_7krg7")

[node name="Lights" type="Node3D" parent="." index="19"]

[node name="OmniLight3D" type="OmniLight3D" parent="Lights" index="0"]
transform = Transform3D(1, 0, 0, 0, 1, 0, 0, 0, 1, 0, 36.4983, -18.4156)
light_color = Color(0.87451, 0.898039, 0.729412, 1)
light_energy = 5.984
omni_range = 28.672

[node name="SpotLight3D" type="SpotLight3D" parent="Lights" index="1"]
transform = Transform3D(1, 0, 0, 0, -4.37114e-08, 1, 0, -1, -4.37114e-08, 0, 13.9622, -17.9365)
light_color = Color(0.921569, 0.937255, 0.819608, 1)
light_energy = 2.793
shadow_enabled = true
spot_range = 20.7579
spot_attenuation = 0.574349
spot_angle = 50.7557

[node name="ReflectionProbes" type="Node3D" parent="." index="20"]

[node name="ReflectionProbe" type="ReflectionProbe" parent="ReflectionProbes" index="0"]
transform = Transform3D(1, 0, 0, 0, 1, 0, 0, 0, 1, 0, 14.4774, -20.2659)
max_distance = 53.0
size = Vector3(77.4232, 63.317, 48.4756)
box_projection = true
interior = true
ambient_mode = 0

[node name="Doors" type="Node3D" parent="." index="21"]

[node name="Door" parent="Doors" index="0" instance=ExtResource("6_qxe21")]
transform = Transform3D(1, 0, 0, 0, 1, 0, 0, 0, 1, 0, 0, 23.711)
spawn_idx = 1

[node name="Door2" parent="Doors" index="1" instance=ExtResource("6_qxe21")]
transform = Transform3D(1.66, 0, 0, 0, 1.66, 0, 0, 0, 1.66, 21.1615, -0.0905724, 3.64031)
level_idx_to_load = 1

[node name="Door3" parent="Doors" index="2" instance=ExtResource("6_qxe21")]
transform = Transform3D(1.665, 0, 0, 0, 1.665, 0, 0, 0, 1.665, -21.1909, 0, 3.62102)
level_idx_to_load = 3

[node name="Door4" parent="Doors" index="3" instance=ExtResource("6_qxe21")]
transform = Transform3D(-1, 0, -8.74228e-08, 0, 1, 0, 8.74228e-08, 0, -1, -2.41229e-06, 5.43325, -44.1531)
level_idx_to_load = 4

[node name="Cube_001_001" parent="." index="22"]
surface_material_override/0 = ExtResource("4_ftywo")

[node name="ShowerBird" parent="." index="23" instance=ExtResource("7_5il4u")]
transform = Transform3D(-0.130976, 0, 0.991386, 0, 1, 0, -0.991386, 0, -0.130976, 7.40652, 0, -14.654)

[node name="Cow1" parent="." index="24" instance=ExtResource("8_cwlck")]
transform = Transform3D(-0.162465, 0, 0.986715, 0, 1, 0, -0.986715, 0, -0.162465, 8.03532, 0, -18.8577)

[node name="Cow2" parent="." index="25" instance=ExtResource("8_cwlck")]
transform = Transform3D(-0.595987, 0, 0.802995, 0, 1, 0, -0.802995, 0, -0.595987, 6.3776, 0, -24.394)
cow_num = 2

[node name="Cow3" parent="." index="26" instance=ExtResource("8_cwlck")]
transform = Transform3D(-0.249687, 0, -0.968327, 0, 1, 0, 0.968327, 0, -0.249687, -9.2527, 0, -18.7506)
cow_num = 3

[node name="Cow4" parent="." index="27" instance=ExtResource("8_cwlck")]
transform = Transform3D(-0.846528, 0, -0.532345, 0, 1, 0, 0.532345, 0, -0.846528, -5.6935, 0, -24.3193)
cow_num = 4

[node name="BarrelMan" parent="." index="28" instance=ExtResource("9_qlqam")]
transform = Transform3D(0.342988, 0, -0.93934, 0, 1, 0, 0.93934, 0, 0.342988, -7.933, 0, -13.4141)

[node name="FuckLizard" parent="." index="29" instance=ExtResource("10_hxusb")]
transform = Transform3D(0.295675, 0, -0.955289, 0, 1, 0, 0.955289, 0, 0.295675, -8.34654, 0, -7.73824)

[node name="Cow5" parent="." index="30" instance=ExtResource("8_cwlck")]
transform = Transform3D(0.0889292, 0, 0.996039, 0, 1, 0, -0.996039, 0, 0.0889292, 7.48946, 0, -9.99738)
cow_num = 5

[node name="Snake" parent="." index="31" instance=ExtResource("11_1gnbg")]
transform = Transform3D(0.373716, 0, 0.927543, 0, 1, 0, -0.927543, 0, 0.373716, 6.86914, 0, -4.77446)

[node name="AAnteater" parent="." index="32" instance=ExtResource("12_73c4t")]
transform = Transform3D(-0.252745, 0, -0.967533, 0, 1, 0, 0.967533, 0, -0.252745, -7.37145, 0, -1.98969)
