[gd_scene load_steps=27 format=3 uid="uid://ckmh7atudt1eg"]

[ext_resource type="PackedScene" uid="uid://cjddwc6y7smnf" path="res://assets/level4.glb" id="1_j5aw4"]
[ext_resource type="Script" path="res://src/levels/Level.gd" id="2_12sl6"]
[ext_resource type="Texture2D" uid="uid://7c2og5b4u6qq" path="res://assets/textures/belfast_farmhouse_1k.hdr" id="3_xlsgp"]
[ext_resource type="Material" uid="uid://b7sbbshiayppf" path="res://assets/textures/bricks.material" id="4_4cwoo"]
[ext_resource type="Material" uid="uid://shrpwp67rcu1" path="res://assets/textures/dirt.tres" id="4_8eixr"]
[ext_resource type="Material" uid="uid://bn6rre8knl5t1" path="res://assets/textures/planks.material" id="5_g284k"]
[ext_resource type="Material" uid="uid://b8s1p3cq51lev" path="res://assets/textures/grass.material" id="6_mgkhf"]
[ext_resource type="Script" path="res://src/levels/Racer.gd" id="6_o8po4"]
[ext_resource type="Material" uid="uid://depkgtkaixypq" path="res://assets/textures/bricks-triplanar.material" id="7_4vstk"]
[ext_resource type="PackedScene" uid="uid://cboy1akadehu4" path="res://src/npcs/Cow1.tscn" id="8_1p883"]
[ext_resource type="Material" uid="uid://rtk5fu1j68ss" path="res://assets/textures/marble.material" id="8_rm3gh"]
[ext_resource type="PackedScene" uid="uid://cant0y3v6awlb" path="res://src/Door.tscn" id="8_xxgjt"]
[ext_resource type="PackedScene" uid="uid://dko4j3rjp1w11" path="res://src/levels/RaceCheckpoint.tscn" id="11_1rrtt"]
[ext_resource type="Script" path="res://src/levels/RaceManager.gd" id="11_ao2xb"]
[ext_resource type="Material" uid="uid://dwj7n0i87wsdy" path="res://assets/textures/floorbricks.material" id="14_p5s36"]
[ext_resource type="Material" uid="uid://davtjw50v0lnl" path="res://assets/textures/cautionmetal.material" id="16_1w1l5"]
[ext_resource type="Script" path="res://src/levels/PorbSpawnArea.gd" id="17_htv0m"]
[ext_resource type="PackedScene" uid="uid://ctalbj8qktb7m" path="res://src/Cutscene.tscn" id="18_bftuu"]

[sub_resource type="PanoramaSkyMaterial" id="PanoramaSkyMaterial_5behf"]
panorama = ExtResource("3_xlsgp")

[sub_resource type="Sky" id="Sky_t3gu8"]
sky_material = SubResource("PanoramaSkyMaterial_5behf")

[sub_resource type="Environment" id="Environment_h7s67"]
background_mode = 2
sky = SubResource("Sky_t3gu8")
sky_rotation = Vector3(0, 2.74017, 0)
tonemap_mode = 3
tonemap_exposure = 0.5
ssr_enabled = true
ssao_enabled = true
glow_enabled = true
glow_bloom = 1.0

[sub_resource type="BoxShape3D" id="BoxShape3D_352jy"]
size = Vector3(713.824, 24.1409, 353.895)

[sub_resource type="Curve3D" id="Curve3D_cbnad"]
_data = {
"points": PackedVector3Array(0, 0, 0, 0, 0, 0, -0.0714121, 0.0180181, 4.29636, 1.07564, -0.222517, 2.95927, -1.07564, 0.222517, -2.95927, -0.765451, 0.191253, -5.77072, 5.30247, 0.0295463, 4.01199, -5.30247, -0.0295463, -4.01199, -13.1741, 0.247188, -11.9091, 0, 0, 0, 0, 0, 0, -15.2133, -0.0833776, -22.163, -6.52893, -0.0522819, 2.30928, 6.52893, 0.0522819, -2.30928, -1.12576, 0.0489388, -39.8964, -5.93526, -0.312902, -4.47297, 5.93526, 0.312902, 4.47297, 21.5169, 0.295849, -38.6817, 1.18297, -0.00589931, -10.2376, -1.18297, 0.00589931, 10.2376, 39.6897, 0.0768338, 0.687696, 6.23324, -0.113831, -2.04789, -6.23324, 0.113831, 2.04789, 22.1059, 0.068666, 40.3578, 5.28134, 0.0230389, 5.05668, -5.28134, -0.0230389, -5.05668, -4.33192, -0.0644579, 35.8769, -3.33864, 0.0567904, 8.92561, 3.33864, -0.0567904, -8.92561, -18.029, 0.0997219, -4.72305, -5.11158, -0.141101, -3.56903, 5.11158, 0.141101, 3.56903, -0.779674, 0.0481733, -11.1985, 5.19641, 0.472615, -4.17029, -5.19641, -0.472615, 4.17029, -0.0866528, 0.15987, 9.37511, 4.81236, 0.150326, 5.77871, -4.81236, -0.150326, -5.77871, -15.882, 0.167053, 10.764, -7.57203, 0.0635166, 5.92101, 7.57203, -0.0635166, -5.92101, -13.8731, 0.0568381, -9.12286, -2.20693, -0.166618, -4.6692, 2.20693, 0.166618, 4.6692, 2.39281, 0.0747859, -7.26616, 0, 0, 0, 0, 0, 0, 1.94384, 0.0395747, 4.82558),
"tilts": PackedFloat32Array(0, 0, 0, 0, 0, 0, 0, 0, 0, 0, 0, 0, 0, 0, 0, 0)
}
point_count = 16

[sub_resource type="Curve3D" id="Curve3D_8idsy"]
_data = {
"points": PackedVector3Array(0, 0, 0, 0, 0, 0, 0.825047, -0.30411, -5.69897, -4.87106, 0.0645368, -4.60344, 4.87106, -0.0645368, 4.60344, 4.24291, -0.0258548, 14.5124, -9.23428, -0.325324, 4.36743, 9.23428, 0.325324, -4.36743, 28.2573, 0.00439477, 19.0402, 3.01468, -3.00079, 10.305, -3.01468, 3.00079, -10.305, 43.1726, 2.29148, -9.17479, 7.97176, -3.70033, -0.263105, -7.97176, 3.70033, 0.263105, 20.8362, 11.4444, -21.6091, 4.87946, 1.58587, 0.8069, -4.87946, -1.58587, -0.8069, 8.16853, 5.51438, -20.4447, 0.586105, 0.868773, 7.16009, -0.586105, -0.868773, -7.16009, -3.84851, 0.863549, -30.2378, -6.98383, 0.126221, 5.14328, 6.98383, -0.126221, -5.14328, 5.01554, 0.346033, -56.7822, -8.67145, -0.929772, -2.21338, 8.67145, 0.929772, 2.21338, 27.0798, 0.172824, -61.701, 2.99925, 0.0178213, -8.36962, -2.99925, -0.0178213, 8.36962, 40.2942, -0.108345, -34.8672, 6.9594, -0.425938, -0.896477, -6.9594, 0.425938, 0.896477, 21.7918, -2.41654, -20.6082, -1.32986, 0.335507, -3.09045, 1.32986, -0.335507, 3.09045, 0, 0, 0),
"tilts": PackedFloat32Array(0, 0, 0, 0, 0, 0, 0, 0, 0, 0, 0, 0)
}
point_count = 12
up_vector_enabled = false

[sub_resource type="BoxShape3D" id="BoxShape3D_2dkma"]
size = Vector3(1, 25.5161, 42.2291)

[sub_resource type="Curve3D" id="Curve3D_5hcak"]
_data = {
"points": PackedVector3Array(24.6392, -3.39432, 3.04328, -24.6392, 3.39432, -3.04328, 227.087, 68.0206, 22.1419, 16.3883, -3.46857, -2.36469, -16.3883, 3.46857, 2.36469, 135.513, 0.916012, 21.2692, 20.6933, -6.70208, 13.0227, -20.6933, 6.70208, -13.0227, 98.4396, 20.1843, 22.6323, 10.9839, -2.29386, 0.49829, -10.9839, 2.29386, -0.49829, 63.7128, 14.9629, 0.539512, 10.9972, 0.201616, 4.42101, -10.9972, -0.201616, -4.42101, 13.8831, 6.39615, 0.398161, 2.1126, -0.311256, -4.95523, -2.1126, 0.311256, 4.95523, -28.353, 2.05197, -5.8871),
"tilts": PackedFloat32Array(0, 0, 0, 0, 0, 0)
}
point_count = 6
up_vector_enabled = false

[node name="level4" instance=ExtResource("1_j5aw4")]
script = ExtResource("2_12sl6")

[node name="DirectionalLight3D" type="DirectionalLight3D" parent="." index="0"]
transform = Transform3D(-0.648647, 0.0783422, 0.757047, 0.508827, 0.784354, 0.354801, -0.565997, 0.615347, -0.548631, 1.79002, 10.1421, -5.57517)
light_cull_mask = 4294967293
shadow_enabled = true

[node name="WorldEnvironment" type="WorldEnvironment" parent="." index="1"]
environment = SubResource("Environment_h7s67")

[node name="Cube_001" parent="." index="4"]
surface_material_override/0 = ExtResource("4_4cwoo")

[node name="Cylinder" parent="." index="14"]
visible = false

[node name="StaticBody3D" parent="floor_001" index="0"]
collision_layer = 4

[node name="Spawns" type="Node3D" parent="." index="17"]

[node name="Marker3D" type="Marker3D" parent="Spawns" index="0"]
transform = Transform3D(-4.37114e-08, 0, -1, 0, 1, 0, 1, 0, -4.37114e-08, -29.1365, 0.472303, -0.220054)

[node name="Marker3D2" type="Marker3D" parent="Spawns" index="1"]
transform = Transform3D(1, 0, 0, 0, 1, 0, 0, 0, 1, 61.0704, 0, 32.3063)

[node name="Marker3D3" type="Marker3D" parent="Spawns" index="2"]
transform = Transform3D(-4.37114e-08, 0, 1, 0, 1, 0, -1, 0, -4.37114e-08, 231.841, 57.2587, 20.6431)

[node name="Killplane" type="Area3D" parent="." index="18"]
transform = Transform3D(1, 0, 0, 0, 1, 0, 0, 0, 1, 0, -24.458, 0)

[node name="CollisionShape3D" type="CollisionShape3D" parent="Killplane" index="0"]
shape = SubResource("BoxShape3D_352jy")

[node name="dirt" parent="." index="19"]
surface_material_override/0 = ExtResource("4_8eixr")

[node name="inner_grass" parent="." index="20"]
surface_material_override/0 = ExtResource("6_mgkhf")

[node name="fence_outside" parent="." index="21"]
surface_material_override/0 = ExtResource("5_g284k")

[node name="outer_grass" parent="." index="22"]
surface_material_override/0 = ExtResource("6_mgkhf")

[node name="Cube_001_001" parent="." index="26"]
surface_material_override/0 = ExtResource("14_p5s36")

[node name="Cylinder_001" parent="." index="27"]
surface_material_override/0 = ExtResource("7_4vstk")

[node name="Cylinder_002" parent="." index="28"]
surface_material_override/0 = ExtResource("7_4vstk")

[node name="Cube_002" parent="." index="29"]
surface_material_override/0 = ExtResource("7_4vstk")

[node name="Icosphere" parent="." index="31"]
transform = Transform3D(0.232544, 0.0649055, -0.970418, -0.268836, 0.963186, 7.45058e-09, 0.934693, 0.260883, 0.241432, -10.2125, 1.38748, -103.882)
surface_material_override/0 = ExtResource("8_rm3gh")

[node name="Race1Checkpoints" type="Node3D" parent="." index="32" node_paths=PackedStringArray("npc_racer", "porb_marker")]
script = ExtResource("11_ao2xb")
npc_racer = NodePath("../Racers/Racer1")
porb_marker = NodePath("../Race1PorbSpawn")

[node name="Finish" parent="Race1Checkpoints" index="0" instance=ExtResource("11_1rrtt")]
transform = Transform3D(1, 0, 0, 0, 1, 0, 0, 0, 1, -7.55213, 0, 0)

[node name="Finish2" parent="Race1Checkpoints" index="1" instance=ExtResource("11_1rrtt")]
transform = Transform3D(1.25004, 0, -0.408212, 0, 1.315, 0, 0.408212, 0, 1.25004, -22.7449, 0, -18.4518)

[node name="RaceCheckpoint" parent="Race1Checkpoints" index="2" instance=ExtResource("11_1rrtt")]
transform = Transform3D(0.99403, 0, -0.10911, 0, 1, 0, 0.10911, 0, 0.99403, 27.2634, 0, 9.20822)

[node name="RaceCheckpoint2" parent="Race1Checkpoints" index="3" instance=ExtResource("11_1rrtt")]
transform = Transform3D(1, 0, 0, 0, 1, 0, 0, 0, 1, -28.453, 0, -1.64196)

[node name="RaceCheckpoint3" parent="Race1Checkpoints" index="4" instance=ExtResource("11_1rrtt")]
transform = Transform3D(-0.258819, 0, -0.965926, 0, 1, 0, 0.965926, 0, -0.258819, -17.9125, -1.90735e-06, -11.4931)

[node name="RaceCheckpoint4" parent="Race1Checkpoints" index="5" instance=ExtResource("11_1rrtt")]
transform = Transform3D(0.818089, 0, 0.575091, 0, 1, 0, -0.575091, 0, 0.818089, -27.6852, 0, 6.36738)

[node name="RaceCheckpoint5" parent="Race1Checkpoints" index="6" instance=ExtResource("11_1rrtt")]
transform = Transform3D(-0.258819, 0, -0.965926, 0, 1, 0, 0.965926, 0, -0.258819, -17.4099, 0, -11.2895)

[node name="RaceCheckpoint6" parent="Race1Checkpoints" index="7" instance=ExtResource("11_1rrtt")]
transform = Transform3D(1, 0, 0, 0, 1, 0, 0, 0, 1, -7.66801, 0, 0)

[node name="StaticBody3D" parent="inner_fence" index="0"]
collision_layer = 4

[node name="StaticBody3D" parent="circle_fence" index="0"]
collision_layer = 4

[node name="Racers" type="Node3D" parent="." index="35"]

[node name="Racer1" type="Path3D" parent="Racers" index="0"]
transform = Transform3D(1, 0, 0, 0, 1, 0, 0, 0, 1, -10.242, 0.222784, 0)
curve = SubResource("Curve3D_cbnad")
script = ExtResource("6_o8po4")

[node name="PathFollow3D" type="PathFollow3D" parent="Racers/Racer1" index="0"]
transform = Transform3D(0.997625, 0.00118055, 0.0687673, -1.74622e-10, 0.999844, -0.0171646, -0.0687777, 0.017124, 0.997474, -0.0714121, 0.0180181, 4.29636)
loop = false

[node name="Cow1" parent="Racers/Racer1/PathFollow3D" index="0" node_paths=PackedStringArray("race") instance=ExtResource("8_1p883")]
transform = Transform3D(1, 0, 1.49012e-08, 4.65661e-10, 1, 0, 0, 0, 1, 0, 0, 0)
cow_num = 5
race = NodePath("../../../../Race1Checkpoints")

[node name="Racer2" type="Path3D" parent="Racers" index="1"]
transform = Transform3D(1, 0, 0, 0, 1, 0, 0, 0, 1, 41.4322, 1.87868, 21.3245)
curve = SubResource("Curve3D_8idsy")
script = ExtResource("6_o8po4")

[node name="PathFollow3D" type="PathFollow3D" parent="Racers/Racer2" index="0"]
transform = Transform3D(-0.986, -0.00226319, -0.166723, -2.3283e-10, 0.999905, -0.0135733, 0.166739, -0.0133832, -0.985909, 0.825047, -0.30411, -5.69897)
loop = false

[node name="Cow1" parent="Racers/Racer2/PathFollow3D" index="0" node_paths=PackedStringArray("race") instance=ExtResource("8_1p883")]
cow_num = 6
race = NodePath("../../../../Race2Checkpoints")

[node name="BGCows" type="Node3D" parent="." index="36"]

[node name="Cow1" parent="BGCows" index="0" instance=ExtResource("8_1p883")]
transform = Transform3D(0.969795, 0, 0.24392, 0, 1, 0, -0.24392, 0, 0.969795, 0.925533, 2.51684, -19.5241)

[node name="Cow2" parent="BGCows" index="1" instance=ExtResource("8_1p883")]
transform = Transform3D(0.586938, 0.113281, -0.801668, 0, 0.990163, 0.139916, 0.809632, -0.0821221, 0.581164, 19.6814, 1.79837, -3.6989)
cow_num = 2

[node name="Cow3" parent="BGCows" index="2" instance=ExtResource("8_1p883")]
transform = Transform3D(-0.8271, 0.0404105, -0.5606, 0, 0.997412, 0.0718978, 0.562055, 0.0594667, -0.82496, 7.15976, 2.40271, 21.3995)
cow_num = 3

[node name="Cow4" parent="BGCows" index="3" instance=ExtResource("8_1p883")]
transform = Transform3D(-0.0239787, 0, 0.999712, 0, 1, 0, -0.999712, 0, -0.0239787, -17.8618, 1.02263, 0.435537)
cow_num = 7

[node name="Cow5" parent="BGCows" index="4" instance=ExtResource("8_1p883")]
transform = Transform3D(2.67379, 0, -1.5687, 0, 3.1, 0, 1.5687, 0, 2.67379, 60.7001, -1.11706, 25.8006)
cow_num = 8

[node name="Cow6" parent="BGCows" index="5" instance=ExtResource("8_1p883")]
transform = Transform3D(-0.0594631, -0.188025, 0.980363, 0, 0.9821, 0.188358, -0.998231, 0.0112004, -0.0583988, 0.910086, 2.24803, 0.0768462)
cow_num = 4

[node name="Doors" type="Node3D" parent="." index="37"]

[node name="Door" parent="Doors" index="0" instance=ExtResource("8_xxgjt")]
transform = Transform3D(-4.37114e-08, 0, -1, 0, 1, 0, 1, 0, -4.37114e-08, -31.4871, 0, -0.217668)
level_idx_to_load = 7
spawn_idx = 1

[node name="ReflectionProbe" type="ReflectionProbe" parent="." index="38"]
transform = Transform3D(1, 0, 0, 0, 1, 0, 0, 0, 1, 0, 14.9367, 0)
max_distance = 100.5
size = Vector3(63.6062, 30.4488, 95.9206)
origin_offset = Vector3(0, -6.63623, -4.5332)
enable_shadows = true

[node name="Cube_003_001" parent="." index="39"]
surface_material_override/0 = ExtResource("6_mgkhf")
surface_material_override/1 = ExtResource("14_p5s36")

[node name="track2" parent="Cube_003_001" index="0"]
surface_material_override/0 = ExtResource("4_8eixr")
surface_material_override/1 = ExtResource("5_g284k")

[node name="Cylinder_003" parent="." index="41"]
surface_material_override/0 = ExtResource("4_4cwoo")

[node name="Cylinder_006" parent="." index="42"]
surface_material_override/0 = ExtResource("5_g284k")

[node name="Race1PorbSpawn" type="Marker3D" parent="." index="46"]
transform = Transform3D(1, 0, 0, 0, 1, 0, 0, 0, 1, -9.50519, 0.441433, 7.94788)

[node name="Race2Checkpoints" type="Node3D" parent="." index="47" node_paths=PackedStringArray("npc_racer", "porb_marker")]
transform = Transform3D(1, 0, 0, 0, 1, 0, 0, 0, 1, 40.6787, 0, 21.8425)
script = ExtResource("11_ao2xb")
npc_racer = NodePath("../Racers/Racer2")
porb_marker = NodePath("../Race2PorbSpawn")

[node name="RaceCheckpoint" parent="Race2Checkpoints" index="0" instance=ExtResource("11_1rrtt")]
transform = Transform3D(1, 0, 0, 0, 1, 0, 0, 0, 1, -0.145367, 1.19914, -1.00659)

[node name="RaceCheckpoint2" parent="Race2Checkpoints" index="1" instance=ExtResource("11_1rrtt")]
transform = Transform3D(-0.258819, 0, 0.965926, 0, 1, 0, -0.965926, 0, -0.258819, 29.4332, 1.71677, 17.6696)

[node name="RaceCheckpoint3" parent="Race2Checkpoints" index="2" instance=ExtResource("11_1rrtt")]
transform = Transform3D(0.375836, 0, 0.926686, 0, 1, 0, -0.926686, 0, 0.375836, 5.58611, 5.17036, -22.2856)

[node name="RaceCheckpoint4" parent="Race2Checkpoints" index="3" instance=ExtResource("11_1rrtt")]
transform = Transform3D(0.258819, 0, -0.965926, 0, 1, 0, 0.965926, 0, 0.258819, 15.6481, 1.64614, -62.4265)

[node name="RaceCheckpoint5" parent="Race2Checkpoints" index="4" instance=ExtResource("11_1rrtt")]
transform = Transform3D(0.616995, 0, -0.786967, 0, 1, 0, 0.786967, 0, 0.616995, 34.3486, 0.591138, -26.6908)

[node name="RaceCheckpoint6" parent="Race2Checkpoints" index="5" instance=ExtResource("11_1rrtt")]
transform = Transform3D(1, 0, 0, 0, 1, 0, 0, 0, 1, 0, 0, -0.834543)

[node name="Race2PorbSpawn" type="Marker3D" parent="." index="48"]
transform = Transform3D(1, 0, 0, 0, 1, 0, 0, 0, 1, 39.9029, 2.03914, 17.5234)

[node name="Cube_001_002" parent="." index="49"]
surface_material_override/0 = ExtResource("5_g284k")
surface_material_override/1 = ExtResource("16_1w1l5")

[node name="Plane" parent="." index="50"]
surface_material_override/0 = ExtResource("6_mgkhf")

[node name="Door" parent="." index="51" instance=ExtResource("8_xxgjt")]
transform = Transform3D(0.994749, 0, -0.102341, 0, 1, 0, 0.102341, 0, 0.994749, 60.7121, -1.06025, 35.8771)
level_idx_to_load = 3
spawn_idx = 2

[node name="Door2" parent="." index="52" instance=ExtResource("8_xxgjt")]
transform = Transform3D(-4.37114e-08, 0, 1, 0, 1, 0, -1, 0, -4.37114e-08, 234.451, 57.4271, 20.6349)
level_idx_to_load = 3
spawn_idx = 1

[node name="PorbSpawnArea" type="Area3D" parent="." index="53"]
transform = Transform3D(1, 0, 0, 0, 1, 0, 0, 0, 1, 102.67, 16.4784, 21.2393)
collision_layer = 0
collision_mask = 2
script = ExtResource("17_htv0m")

[node name="CollisionShape3D" type="CollisionShape3D" parent="PorbSpawnArea" index="0"]
shape = SubResource("BoxShape3D_2dkma")

[node name="Marker3D" type="Marker3D" parent="PorbSpawnArea" index="1"]
transform = Transform3D(1, 0, 0, 0, 1, 0, 0, 0, 1, -34.7645, -17.2119, -8.71366)

[node name="IntroCutscene" parent="." index="54" instance=ExtResource("18_bftuu")]
curve = SubResource("Curve3D_5hcak")
cutscene_name = "cowintro"

[node name="ReflectionProbe2" type="ReflectionProbe" parent="." index="55"]
transform = Transform3D(1, 0, 0, 0, 1, 0, 0, 0, 1, 60.8297, 9.64042, 0)
size = Vector3(67.8828, 27.3718, 107.972)
origin_offset = Vector3(-1.53174, 6.88867, 1.74414)
enable_shadows = true
