[gd_scene load_steps=15 format=3 uid="uid://ckmh7atudt1eg"]

[ext_resource type="PackedScene" uid="uid://cjddwc6y7smnf" path="res://assets/level4.glb" id="1_j5aw4"]
[ext_resource type="Script" path="res://src/levels/Level.gd" id="2_12sl6"]
[ext_resource type="Texture2D" uid="uid://7c2og5b4u6qq" path="res://assets/textures/belfast_farmhouse_1k.hdr" id="3_xlsgp"]
[ext_resource type="Material" uid="uid://b7sbbshiayppf" path="res://assets/textures/bricks.material" id="4_4cwoo"]
[ext_resource type="Script" path="res://src/levels/RaceCheckpoint.gd" id="5_ert6c"]
[ext_resource type="Script" path="res://src/levels/Racer.gd" id="6_o8po4"]
[ext_resource type="PackedScene" uid="uid://bxlx8vqo5bky6" path="res://src/Cow.tscn" id="6_rw31b"]

[sub_resource type="PanoramaSkyMaterial" id="PanoramaSkyMaterial_5behf"]
panorama = ExtResource("3_xlsgp")

[sub_resource type="Sky" id="Sky_t3gu8"]
sky_material = SubResource("PanoramaSkyMaterial_5behf")

[sub_resource type="Environment" id="Environment_h7s67"]
background_mode = 2
sky = SubResource("Sky_t3gu8")
sky_rotation = Vector3(0, 2.74017, 0)
tonemap_mode = 3
tonemap_exposure = 0.5
ssr_enabled = true
ssao_enabled = true
glow_enabled = true
glow_bloom = 1.0

[sub_resource type="BoxShape3D" id="BoxShape3D_352jy"]
size = Vector3(304.646, 24.1409, 225.322)

[sub_resource type="BoxShape3D" id="BoxShape3D_hhrk5"]
size = Vector3(8.69345, 6.58003, 1)

[sub_resource type="Curve3D" id="Curve3D_cbnad"]
_data = {
"points": PackedVector3Array(0, 0, 0, 0, 0, 0, 0.02034, 0.0127683, 0.0312207, 1.07564, -0.222517, 2.95927, -1.07564, 0.222517, -2.95927, -0.765451, 0.191253, -5.77072, 5.30247, 0.0295463, 4.01199, -5.30247, -0.0295463, -4.01199, -13.1741, 0.247188, -11.9091, 0, 0, 0, 0, 0, 0, -15.2133, -0.0833776, -22.163, -6.52893, -0.0522819, 2.30928, 6.52893, 0.0522819, -2.30928, -1.12576, 0.0489388, -39.8964, -5.93526, -0.312902, -4.47297, 5.93526, 0.312902, 4.47297, 22.223, 0.238944, -39.9857, 1.18297, -0.00589931, -10.2376, -1.18297, 0.00589931, 10.2376, 41.2549, -0.080713, 0.69674, 6.23324, -0.113831, -2.04789, -6.23324, 0.113831, 2.04789, 22.1059, 0.068666, 40.3578, 5.28134, 0.0230389, 5.05668, -5.28134, -0.0230389, -5.05668, -4.33192, -0.0644579, 35.8769, -3.33864, 0.0567904, 8.92561, 3.33864, -0.0567904, -8.92561, -18.029, 0.0997219, -4.72305, -4.01523, -0.0471783, -5.08831, 4.01523, 0.0471783, 5.08831, -0.771708, 0.182787, -11.231, 8.52836, 0.139729, -5.79532, -8.52836, -0.139729, 5.79532, -0.0866528, 0.15987, 9.37511, 4.06072, 0.2384, 6.62404, -4.06072, -0.2384, -6.62404, -17.2876, 0.0631676, 12.6178, -7.57203, 0.0635166, 5.92101, 7.57203, -0.0635166, -5.92101, -16.3098, -0.0700045, -9.85757, -2.20693, -0.166618, -4.6692, 2.20693, 0.166618, 4.6692, 2.39281, 0.0747859, -7.26616, 0, 0, 0, 0, 0, 0, 2.53832, 0.000936031, 0.244395),
"tilts": PackedFloat32Array(0, 0, 0, 0, 0, 0, 0, 0, 0, 0, 0, 0, 0, 0, 0, 0)
}
point_count = 16

[sub_resource type="CapsuleShape3D" id="CapsuleShape3D_i6wpc"]
radius = 0.84864
height = 3.71396

[node name="level4" instance=ExtResource("1_j5aw4")]
script = ExtResource("2_12sl6")

[node name="DirectionalLight3D" type="DirectionalLight3D" parent="." index="0"]
transform = Transform3D(-0.648647, 0.0783422, 0.757047, 0.508827, 0.784354, 0.354801, -0.565997, 0.615347, -0.548631, 1.79002, 10.1421, -5.57517)
shadow_enabled = true

[node name="WorldEnvironment" type="WorldEnvironment" parent="." index="1"]
environment = SubResource("Environment_h7s67")

[node name="StaticBody3D" parent="floor_001" index="0"]
collision_layer = 4

[node name="Spawns" type="Node3D" parent="." index="17"]

[node name="Marker3D" type="Marker3D" parent="Spawns" index="0"]
transform = Transform3D(1, 0, -1.06581e-14, 0, 1, 0, 1.06581e-14, 0, 1, -8.23483, 0.472303, 3.61908)

[node name="Killplane" type="Area3D" parent="." index="18"]
transform = Transform3D(1, 0, 0, 0, 1, 0, 0, 0, 1, 0, -24.458, 0)

[node name="CollisionShape3D" type="CollisionShape3D" parent="Killplane" index="0"]
shape = SubResource("BoxShape3D_352jy")

[node name="Cube_001" parent="." index="26"]
surface_material_override/0 = ExtResource("4_4cwoo")

[node name="Checkpoints" type="Node3D" parent="." index="32"]

[node name="Finish" type="Area3D" parent="Checkpoints" index="0"]
transform = Transform3D(1, 0, 0, 0, 1, 0, 0, 0, 1, -7.54572, 0.238475, 0)
script = ExtResource("5_ert6c")

[node name="CollisionShape3D" type="CollisionShape3D" parent="Checkpoints/Finish" index="0"]
transform = Transform3D(1, 0, 0, 0, 1, 0, 0, 0, 1, 0, 3.04412, 0)
shape = SubResource("BoxShape3D_hhrk5")

[node name="StaticBody3D" parent="inner_fence" index="0"]
collision_layer = 4

[node name="StaticBody3D" parent="circle_fence" index="0"]
collision_layer = 4

[node name="Racers" type="Node3D" parent="." index="35"]

[node name="Racer1" type="Path3D" parent="Racers" index="0"]
transform = Transform3D(1, 0, 0, 0, 1, 0, 0, 0, 1, -10.242, 0.222784, 0)
curve = SubResource("Curve3D_cbnad")
script = ExtResource("6_o8po4")

[node name="PathFollow3D" type="PathFollow3D" parent="Racers/Racer1" index="0"]
transform = Transform3D(0.990953, 0.00408946, 0.134148, 4.65661e-10, 0.999536, -0.0304705, -0.134211, 0.0301948, 0.990493, 0.02034, 0.0127683, 0.0312207)

[node name="AnimatableBody3D" type="AnimatableBody3D" parent="Racers/Racer1/PathFollow3D" index="0"]
sync_to_physics = false

[node name="cow" parent="Racers/Racer1/PathFollow3D/AnimatableBody3D" index="0" instance=ExtResource("6_rw31b")]
transform = Transform3D(-1, 0, -8.74228e-08, 0, 1, 0, 8.74228e-08, 0, -1, 0, 0, 0)

[node name="CollisionShape3D" type="CollisionShape3D" parent="Racers/Racer1/PathFollow3D/AnimatableBody3D" index="1"]
transform = Transform3D(1, 0, 0, 0, -4.37114e-08, 1, 0, -1, -4.37114e-08, 0, 0.776128, -0.334849)
shape = SubResource("CapsuleShape3D_i6wpc")

[node name="BGCows" type="Node3D" parent="." index="36"]

[node name="cow" parent="BGCows" index="0" instance=ExtResource("6_rw31b")]
transform = Transform3D(-0.772878, 0, -0.634555, 0, 1, 0, 0.634555, 0, -0.772878, -0.982295, 2.48266, -17.8514)

[node name="cow2" parent="BGCows" index="1" instance=ExtResource("6_rw31b")]
transform = Transform3D(0.870502, 0, -0.492165, 0, 1, 0, 0.492165, 0, 0.870502, -17.5395, 1.00605, 0.555183)

[node name="cow3" parent="BGCows" index="2" instance=ExtResource("6_rw31b")]
transform = Transform3D(-0.219846, 0, 0.975535, 0, 1, 0, -0.975535, 0, -0.219846, 5.88566, 2.41143, 22.0147)

[node name="cow4" parent="BGCows" index="3" instance=ExtResource("6_rw31b")]
transform = Transform3D(-0.603333, 0.12195, 0.78811, 7.45058e-09, 0.988239, -0.152917, -0.797489, -0.0922598, -0.596238, 19.2793, 1.89512, -3.7617)
