[gd_scene load_steps=12 format=3 uid="uid://bxlx8vqo5bky6"]

[ext_resource type="PackedScene" uid="uid://cxd2uib45p0fe" path="res://assets/cow.glb" id="1_alceb"]
[ext_resource type="Script" path="res://addons/wigglebone/wiggle_bone.gd" id="2_g4px4"]
[ext_resource type="Script" path="res://addons/wigglebone/wiggle_properties.gd" id="3_oh613"]
[ext_resource type="PackedScene" uid="uid://0dvag33mus6s" path="res://assets/cowbell.glb" id="4_o5bh3"]
[ext_resource type="PackedScene" uid="uid://dqqqewguml5l8" path="res://assets/feather.glb" id="5_0ykhh"]
[ext_resource type="PackedScene" uid="uid://bivgndghcd4t" path="res://assets/helmet.glb" id="6_44o1t"]

[sub_resource type="Resource" id="Resource_px2ww"]
script = ExtResource("3_oh613")
mode = 0
stiffness = 0.1
damping = 0.1
gravity = Vector3(0, 0, 0)
length = 0.1
max_distance = 0.1
max_degrees = 60.0

[sub_resource type="Resource" id="Resource_2oobj"]
script = ExtResource("3_oh613")
mode = 0
stiffness = 0.1
damping = 0.1
gravity = Vector3(0, 0, 0)
length = 0.1
max_distance = 0.1
max_degrees = 60.0

[sub_resource type="Resource" id="Resource_mety0"]
script = ExtResource("3_oh613")
mode = 0
stiffness = 0.08
damping = 0.1
gravity = Vector3(0, 0, 0)
length = 0.1
max_distance = 0.1
max_degrees = 60.0

[sub_resource type="Resource" id="Resource_uxset"]
script = ExtResource("3_oh613")
mode = 0
stiffness = 0.11
damping = 0.1
gravity = Vector3(0, 0, 0)
length = 0.1
max_distance = 0.1
max_degrees = 60.0

[sub_resource type="Resource" id="Resource_5cq28"]
script = ExtResource("3_oh613")
mode = 0
stiffness = 0.09
damping = 0.1
gravity = Vector3(0, 0, 0)
length = 0.1
max_distance = 0.1
max_degrees = 60.0

[node name="cow" instance=ExtResource("1_alceb")]

[node name="Skeleton3D" parent="metarig" index="0"]
bones/0/rotation = Quaternion(0.010794, 0.707192, 0.706857, 0.0107991)
bones/1/rotation = Quaternion(0.0322429, -0.477797, 0.876918, 0.0410426)
bones/2/rotation = Quaternion(-0.204402, 0.0161192, 0.0769456, 0.975725)
bones/3/rotation = Quaternion(0.00638039, -0.000233365, 0.0365316, 0.999312)
bones/5/rotation = Quaternion(0.0621401, 6.38756e-07, -2.71546e-08, 0.998067)
bones/6/rotation = Quaternion(-0.054123, -4.76757e-07, -2.36305e-08, 0.998534)
bones/7/rotation = Quaternion(0.0187396, 8.34414e-07, -9.92307e-09, 0.999824)
bones/8/rotation = Quaternion(-0.0355868, 2.33144e-07, -1.42634e-07, 0.999367)
bones/9/rotation = Quaternion(0.00772034, -1.89771e-06, 1.17454e-07, 0.99997)
bones/10/rotation = Quaternion(0.0572048, 8.30935e-07, -1.69355e-08, 0.998362)
bones/13/rotation = Quaternion(0.224581, 2.7055e-06, 4.9352e-07, 0.974455)
bones/14/rotation = Quaternion(0.0117949, -9.57226e-07, -9.79461e-08, 0.99993)
bones/21/rotation = Quaternion(0.495309, 0.0725377, -0.0915352, 0.860829)
bones/23/rotation = Quaternion(0.643454, -0.00507799, 0.00603553, 0.765444)
bones/24/rotation = Quaternion(0.0128062, 8.04899e-05, -0.00629399, 0.999897)
bones/30/rotation = Quaternion(0.643254, -0.0168298, 0.0200257, 0.765206)
bones/32/rotation = Quaternion(0.632671, -0.0250471, -0.0198021, 0.773762)
bones/36/rotation = Quaternion(0.0500348, -0.371708, -0.775368, 0.508065)
bones/37/rotation = Quaternion(-0.52223, -0.00669802, -0.0115277, 0.8527)
bones/43/rotation = Quaternion(0.065162, 0.369357, 0.795455, 0.476001)
bones/45/rotation = Quaternion(0.421799, 4.84004e-08, 4.11072e-06, 0.906689)
bones/46/rotation = Quaternion(0.512575, -7.05126e-06, 6.40941e-07, 0.858642)

[node name="Cone" parent="metarig/Skeleton3D" index="0"]
layers = 3

[node name="Cone_001" parent="metarig/Skeleton3D" index="1"]
layers = 3

[node name="Cylinder" parent="metarig/Skeleton3D" index="2"]
layers = 3

[node name="Cylinder_001" parent="metarig/Skeleton3D" index="3"]
layers = 3

[node name="Cylinder_003" parent="metarig/Skeleton3D" index="4"]
layers = 3

[node name="Cylinder_004" parent="metarig/Skeleton3D" index="5"]
layers = 3

[node name="Cylinder_005" parent="metarig/Skeleton3D" index="6"]
layers = 3

[node name="Cylinder_006" parent="metarig/Skeleton3D" index="7"]
layers = 3

[node name="Cylinder_007" parent="metarig/Skeleton3D" index="8"]
layers = 3

[node name="Cylinder_008" parent="metarig/Skeleton3D" index="9"]
layers = 3

[node name="Cylinder_009" parent="metarig/Skeleton3D" index="10"]
layers = 3

[node name="Cylinder_011" parent="metarig/Skeleton3D" index="11"]
layers = 3

[node name="Sphere_001" parent="metarig/Skeleton3D" index="12"]
layers = 3

[node name="Sphere_002" parent="metarig/Skeleton3D" index="13"]
layers = 3

[node name="Sphere_003" parent="metarig/Skeleton3D" index="14"]
layers = 3

[node name="Sphere_004" parent="metarig/Skeleton3D" index="15"]
layers = 3

[node name="Sphere_005" parent="metarig/Skeleton3D" index="16"]
layers = 3

[node name="Udder" parent="metarig/Skeleton3D" index="17"]
layers = 3

[node name="WiggleBone" type="BoneAttachment3D" parent="metarig/Skeleton3D" index="18"]
transform = Transform3D(0.999534, -0.0305304, -9.90169e-05, -0.0305306, -0.999527, -0.00371971, 1.45941e-05, 0.003721, -0.999993, -0.00708691, 1.16298, -0.853674)
bone_name = "udder"
bone_idx = 48
script = ExtResource("2_g4px4")
properties = SubResource("Resource_px2ww")

[node name="WiggleBone2" type="BoneAttachment3D" parent="metarig/Skeleton3D" index="19"]
transform = Transform3D(-0.259872, 0.933668, 0.246434, 0.153772, -0.211933, 0.965111, 0.953321, 0.288701, -0.0884964, 0.216061, 1.27726, 1.72009)
bone_name = "eye.L"
bone_idx = 15
script = ExtResource("2_g4px4")
properties = SubResource("Resource_2oobj")

[node name="WiggleBone3" type="BoneAttachment3D" parent="metarig/Skeleton3D" index="20"]
transform = Transform3D(-0.268903, -0.944802, -0.187192, -0.137649, -0.154658, 0.978332, -0.95328, 0.288844, -0.0884633, -0.222918, 1.29067, 1.72008)
bone_name = "eye.R"
bone_idx = 19
script = ExtResource("2_g4px4")
properties = SubResource("Resource_mety0")

[node name="WiggleBone4" type="BoneAttachment3D" parent="metarig/Skeleton3D" index="21"]
transform = Transform3D(0.447897, -0.880419, 0.155729, 0.791191, 0.30917, -0.527665, 0.416419, 0.359551, 0.835056, -0.263244, 1.42501, 1.48955)
bone_name = "ear.R"
bone_idx = 17
script = ExtResource("2_g4px4")
properties = SubResource("Resource_uxset")

[node name="WiggleBone5" type="BoneAttachment3D" parent="metarig/Skeleton3D" index="22"]
transform = Transform3D(0.398875, 0.897586, -0.18772, -0.817029, 0.254912, -0.517188, -0.416369, 0.359666, 0.835031, 0.264519, 1.40889, 1.48956)
bone_name = "ear.L"
bone_idx = 11
script = ExtResource("2_g4px4")
properties = SubResource("Resource_5cq28")

[node name="HipAttachment" type="BoneAttachment3D" parent="metarig/Skeleton3D" index="23"]
transform = Transform3D(0.999534, -0.000492592, -0.0305312, -0.0305352, -0.0156537, -0.999411, 1.4375e-05, 0.999877, -0.0156613, -0.00157508, 1.34417, 0.758537)
visible = false
bone_name = "neck.001"
bone_idx = 9

[node name="cowbell" parent="metarig/Skeleton3D/HipAttachment" index="0" instance=ExtResource("4_o5bh3")]
transform = Transform3D(1, -3.03256e-06, 3.08462e-07, 3.392e-07, 0.211274, 0.977428, -3.02927e-06, -0.977428, 0.211274, 8.94925e-07, 0.18908, 0.331683)

[node name="Cube" parent="metarig/Skeleton3D/HipAttachment/cowbell" index="0"]
layers = 3

[node name="Cube_001" parent="metarig/Skeleton3D/HipAttachment/cowbell" index="1"]
layers = 3

[node name="Icosphere" parent="metarig/Skeleton3D/HipAttachment/cowbell" index="2"]
layers = 3

[node name="Torus" parent="metarig/Skeleton3D/HipAttachment/cowbell" index="3"]
layers = 3

[node name="feather" parent="metarig/Skeleton3D/HipAttachment" index="1" instance=ExtResource("5_0ykhh")]
transform = Transform3D(0.920987, -0.308219, -0.238294, 0.27098, 0.0673328, 0.960228, -0.279915, -0.948931, 0.145534, 0.183889, 0.141407, 0.451118)

[node name="Cube" parent="metarig/Skeleton3D/HipAttachment/feather" index="0"]
layers = 3

[node name="helmet" parent="metarig/Skeleton3D/HipAttachment" index="2" instance=ExtResource("6_44o1t")]
transform = Transform3D(0.9188, 0.362792, 0.155531, -0.100218, -0.166706, 0.980902, 0.381791, -0.916839, -0.116811, -0.286915, 0.248541, 0.420829)

[node name="Cylinder" parent="metarig/Skeleton3D/HipAttachment/helmet" index="0"]
layers = 3

[node name="AnimationPlayer" parent="." index="2"]
autoplay = "Idle"
playback_default_blend_time = 0.2

[editable path="metarig/Skeleton3D/HipAttachment/cowbell"]
[editable path="metarig/Skeleton3D/HipAttachment/feather"]
[editable path="metarig/Skeleton3D/HipAttachment/helmet"]
