[gd_scene load_steps=12 format=3 uid="uid://bxlx8vqo5bky6"]

[ext_resource type="PackedScene" uid="uid://cxd2uib45p0fe" path="res://assets/cow.glb" id="1_alceb"]
[ext_resource type="Script" path="res://addons/wigglebone/wiggle_bone.gd" id="2_g4px4"]
[ext_resource type="Script" path="res://addons/wigglebone/wiggle_properties.gd" id="3_oh613"]
[ext_resource type="PackedScene" uid="uid://0dvag33mus6s" path="res://assets/cowbell.glb" id="4_o5bh3"]
[ext_resource type="PackedScene" uid="uid://dqqqewguml5l8" path="res://assets/feather.glb" id="5_0ykhh"]
[ext_resource type="PackedScene" uid="uid://bivgndghcd4t" path="res://assets/helmet.glb" id="6_44o1t"]

[sub_resource type="Resource" id="Resource_px2ww"]
script = ExtResource("3_oh613")
mode = 0
stiffness = 0.1
damping = 0.1
gravity = Vector3(0, 0, 0)
length = 0.1
max_distance = 0.1
max_degrees = 60.0

[sub_resource type="Resource" id="Resource_2oobj"]
script = ExtResource("3_oh613")
mode = 0
stiffness = 0.1
damping = 0.1
gravity = Vector3(0, 0, 0)
length = 0.1
max_distance = 0.1
max_degrees = 60.0

[sub_resource type="Resource" id="Resource_mety0"]
script = ExtResource("3_oh613")
mode = 0
stiffness = 0.08
damping = 0.1
gravity = Vector3(0, 0, 0)
length = 0.1
max_distance = 0.1
max_degrees = 60.0

[sub_resource type="Resource" id="Resource_uxset"]
script = ExtResource("3_oh613")
mode = 0
stiffness = 0.11
damping = 0.1
gravity = Vector3(0, 0, 0)
length = 0.1
max_distance = 0.1
max_degrees = 60.0

[sub_resource type="Resource" id="Resource_5cq28"]
script = ExtResource("3_oh613")
mode = 0
stiffness = 0.09
damping = 0.1
gravity = Vector3(0, 0, 0)
length = 0.1
max_distance = 0.1
max_degrees = 60.0

[node name="cow" instance=ExtResource("1_alceb")]

[node name="Skeleton3D" parent="metarig" index="0"]
bones/0/rotation = Quaternion(0, 0.707274, 0.706939, 0)
bones/1/rotation = Quaternion(3.78839e-08, -0.527487, 0.849563, 2.18059e-08)
bones/2/rotation = Quaternion(-0.205036, 1.58649e-07, 3.69967e-08, 0.978754)
bones/3/rotation = Quaternion(0.00638465, -1.19207e-07, 7.61108e-10, 0.99998)
bones/5/rotation = Quaternion(0.0105556, 6.39723e-07, 5.83023e-09, 0.999944)
bones/6/rotation = Quaternion(0.00980767, -4.76816e-07, 7.01498e-09, 0.999952)
bones/7/rotation = Quaternion(0.00298838, 8.34467e-07, 3.2062e-09, 0.999996)
bones/9/rotation = Quaternion(-0.072013, -1.90241e-06, -3.43373e-08, 0.997404)
bones/10/rotation = Quaternion(0.130143, 8.27387e-07, -7.75733e-08, 0.991495)
bones/13/rotation = Quaternion(0.194019, 2.68971e-06, 5.78222e-07, 0.980998)
bones/14/rotation = Quaternion(-0.0286723, -9.53284e-07, -1.3672e-07, 0.999589)
bones/21/rotation = Quaternion(0.495877, 0.0685477, -0.0846017, 0.861539)
bones/23/rotation = Quaternion(0.643474, -1.06594e-07, -5.04398e-06, 0.765468)
bones/24/rotation = Quaternion(0.0128065, -1.192e-07, -1.03406e-07, 0.999918)
bones/30/rotation = Quaternion(0.643474, 1.10742e-07, 5.03806e-06, 0.765468)
bones/32/rotation = Quaternion(0.646337, -6.07024e-06, 1.54117e-07, 0.763052)
bones/36/rotation = Quaternion(0.05787, -0.37057, -0.785921, 0.491587)
bones/37/rotation = Quaternion(-0.522273, -0.000113005, -0.000775592, 0.852778)
bones/43/rotation = Quaternion(0.05787, 0.37057, 0.785921, 0.491587)
bones/45/rotation = Quaternion(0.479413, 3.13704e-07, 4.09958e-06, 0.87759)
bones/46/rotation = Quaternion(0.483384, -7.06844e-06, 4.03367e-07, 0.875408)

[node name="Cone" parent="metarig/Skeleton3D" index="0"]
layers = 3

[node name="Cone_001" parent="metarig/Skeleton3D" index="1"]
layers = 3

[node name="Cylinder" parent="metarig/Skeleton3D" index="2"]
layers = 3

[node name="Cylinder_001" parent="metarig/Skeleton3D" index="3"]
layers = 3

[node name="Cylinder_003" parent="metarig/Skeleton3D" index="4"]
layers = 3

[node name="Cylinder_004" parent="metarig/Skeleton3D" index="5"]
layers = 3

[node name="Cylinder_005" parent="metarig/Skeleton3D" index="6"]
layers = 3

[node name="Cylinder_006" parent="metarig/Skeleton3D" index="7"]
layers = 3

[node name="Cylinder_007" parent="metarig/Skeleton3D" index="8"]
layers = 3

[node name="Cylinder_008" parent="metarig/Skeleton3D" index="9"]
layers = 3

[node name="Cylinder_009" parent="metarig/Skeleton3D" index="10"]
layers = 3

[node name="Cylinder_011" parent="metarig/Skeleton3D" index="11"]
layers = 3

[node name="Sphere_001" parent="metarig/Skeleton3D" index="12"]
layers = 3

[node name="Sphere_002" parent="metarig/Skeleton3D" index="13"]
layers = 3

[node name="Sphere_003" parent="metarig/Skeleton3D" index="14"]
layers = 3

[node name="Sphere_004" parent="metarig/Skeleton3D" index="15"]
layers = 3

[node name="Sphere_005" parent="metarig/Skeleton3D" index="16"]
layers = 3

[node name="Udder" parent="metarig/Skeleton3D" index="17"]
layers = 3

[node name="WiggleBone" type="BoneAttachment3D" parent="metarig/Skeleton3D" index="18"]
transform = Transform3D(1, -5.1633e-10, 1.50995e-07, 5.63585e-10, -0.999974, -0.00715191, 1.50995e-07, 0.00715191, -0.999974, -9.89133e-17, 1.16288, -0.853674)
bone_name = "udder"
bone_idx = 48
script = ExtResource("2_g4px4")
properties = SubResource("Resource_px2ww")

[node name="WiggleBone2" type="BoneAttachment3D" parent="metarig/Skeleton3D" index="19"]
transform = Transform3D(-0.275883, 0.915169, 0.29386, 0.219758, -0.237572, 0.946185, 0.935732, 0.325614, -0.135573, 0.219592, 1.47379, 1.71221)
bone_name = "eye.L"
bone_idx = 15
script = ExtResource("2_g4px4")
properties = SubResource("Resource_2oobj")

[node name="WiggleBone3" type="BoneAttachment3D" parent="metarig/Skeleton3D" index="20"]
transform = Transform3D(-0.24903, -0.961932, -0.112565, -0.215526, -0.0582691, 0.974758, -0.94421, 0.267004, -0.19281, -0.219592, 1.47379, 1.71221)
bone_name = "eye.R"
bone_idx = 19
script = ExtResource("2_g4px4")
properties = SubResource("Resource_mety0")

[node name="WiggleBone4" type="BoneAttachment3D" parent="metarig/Skeleton3D" index="21"]
transform = Transform3D(0.448002, -0.88359, 0.136243, 0.824553, 0.34946, -0.44496, 0.345551, 0.311683, 0.885126, -0.264005, 1.58906, 1.47231)
bone_name = "ear.R"
bone_idx = 17
script = ExtResource("2_g4px4")
properties = SubResource("Resource_uxset")

[node name="WiggleBone5" type="BoneAttachment3D" parent="metarig/Skeleton3D" index="22"]
transform = Transform3D(0.397212, 0.893308, -0.210292, -0.842078, 0.263671, -0.470511, -0.364864, 0.363975, 0.856969, 0.264005, 1.58906, 1.47231)
bone_name = "ear.L"
bone_idx = 11
script = ExtResource("2_g4px4")
properties = SubResource("Resource_5cq28")

[node name="HipAttachment" type="BoneAttachment3D" parent="metarig/Skeleton3D" index="23"]
transform = Transform3D(1, 1.13687e-13, -1.43055e-06, -1.40017e-06, 0.204973, -0.978767, 2.93224e-07, 0.978767, 0.204974, 9.90464e-14, 1.38334, 0.759305)
visible = false
bone_name = "neck.001"
bone_idx = 9

[node name="cowbell" parent="metarig/Skeleton3D/HipAttachment" index="0" instance=ExtResource("4_o5bh3")]
transform = Transform3D(1, -3.03256e-06, 3.08462e-07, 3.392e-07, 0.211274, 0.977428, -3.02927e-06, -0.977428, 0.211274, 8.94925e-07, 0.18908, 0.331683)

[node name="Cube" parent="metarig/Skeleton3D/HipAttachment/cowbell" index="0"]
layers = 3

[node name="Cube_001" parent="metarig/Skeleton3D/HipAttachment/cowbell" index="1"]
layers = 3

[node name="Icosphere" parent="metarig/Skeleton3D/HipAttachment/cowbell" index="2"]
layers = 3

[node name="Torus" parent="metarig/Skeleton3D/HipAttachment/cowbell" index="3"]
layers = 3

[node name="feather" parent="metarig/Skeleton3D/HipAttachment" index="1" instance=ExtResource("5_0ykhh")]
transform = Transform3D(0.920987, -0.308219, -0.238294, 0.27098, 0.0673328, 0.960228, -0.279915, -0.948931, 0.145534, 0.183889, 0.141407, 0.451118)

[node name="Cube" parent="metarig/Skeleton3D/HipAttachment/feather" index="0"]
layers = 3

[node name="helmet" parent="metarig/Skeleton3D/HipAttachment" index="2" instance=ExtResource("6_44o1t")]
transform = Transform3D(0.9188, 0.362792, 0.155531, -0.100218, -0.166706, 0.980902, 0.381791, -0.916839, -0.116811, -0.286915, 0.248541, 0.420829)

[node name="Cylinder" parent="metarig/Skeleton3D/HipAttachment/helmet" index="0"]
layers = 3

[node name="AnimationPlayer" parent="." index="2"]
autoplay = "Idle"
playback_default_blend_time = 0.2

[editable path="metarig/Skeleton3D/HipAttachment/cowbell"]
[editable path="metarig/Skeleton3D/HipAttachment/feather"]
[editable path="metarig/Skeleton3D/HipAttachment/helmet"]
