[gd_scene load_steps=9 format=3 uid="uid://bxlx8vqo5bky6"]

[ext_resource type="PackedScene" uid="uid://cxd2uib45p0fe" path="res://assets/cow.glb" id="1_alceb"]
[ext_resource type="Script" path="res://addons/wigglebone/wiggle_bone.gd" id="2_g4px4"]
[ext_resource type="Script" path="res://addons/wigglebone/wiggle_properties.gd" id="3_oh613"]

[sub_resource type="Resource" id="Resource_px2ww"]
script = ExtResource("3_oh613")
mode = 0
stiffness = 0.1
damping = 0.1
gravity = Vector3(0, 0, 0)
length = 0.1
max_distance = 0.1
max_degrees = 60.0

[sub_resource type="Resource" id="Resource_2oobj"]
script = ExtResource("3_oh613")
mode = 0
stiffness = 0.1
damping = 0.1
gravity = Vector3(0, 0, 0)
length = 0.1
max_distance = 0.1
max_degrees = 60.0

[sub_resource type="Resource" id="Resource_mety0"]
script = ExtResource("3_oh613")
mode = 0
stiffness = 0.08
damping = 0.1
gravity = Vector3(0, 0, 0)
length = 0.1
max_distance = 0.1
max_degrees = 60.0

[sub_resource type="Resource" id="Resource_uxset"]
script = ExtResource("3_oh613")
mode = 0
stiffness = 0.11
damping = 0.1
gravity = Vector3(0, 0, 0)
length = 0.1
max_distance = 0.1
max_degrees = 60.0

[sub_resource type="Resource" id="Resource_5cq28"]
script = ExtResource("3_oh613")
mode = 0
stiffness = 0.09
damping = 0.1
gravity = Vector3(0, 0, 0)
length = 0.1
max_distance = 0.1
max_degrees = 60.0

[node name="cow" instance=ExtResource("1_alceb")]

[node name="Skeleton3D" parent="metarig" index="0"]
bones/0/rotation = Quaternion(0, 0.707274, 0.706939, 0)
bones/1/rotation = Quaternion(3.78839e-08, -0.527487, 0.849563, 2.18059e-08)
bones/2/rotation = Quaternion(-0.205036, 1.58649e-07, 3.69967e-08, 0.978754)
bones/3/rotation = Quaternion(0.00638465, -1.19207e-07, 7.61108e-10, 0.99998)
bones/5/rotation = Quaternion(0.0105556, 6.39723e-07, 5.83023e-09, 0.999944)
bones/6/rotation = Quaternion(0.00980767, -4.76816e-07, 7.01498e-09, 0.999952)
bones/7/rotation = Quaternion(0.00298838, 8.34467e-07, 3.2062e-09, 0.999996)
bones/9/rotation = Quaternion(-0.072013, -1.90241e-06, -3.43373e-08, 0.997404)
bones/10/rotation = Quaternion(0.130143, 8.27387e-07, -7.75733e-08, 0.991495)
bones/13/rotation = Quaternion(0.194019, 2.68971e-06, 5.78222e-07, 0.980998)
bones/14/rotation = Quaternion(-0.0286723, -9.53284e-07, -1.3672e-07, 0.999589)
bones/21/rotation = Quaternion(0.495877, 0.0685477, -0.0846017, 0.861539)
bones/23/rotation = Quaternion(0.643474, -1.06594e-07, -5.04398e-06, 0.765468)
bones/24/rotation = Quaternion(0.0128065, -1.192e-07, -1.03406e-07, 0.999918)
bones/30/rotation = Quaternion(0.643474, 1.10742e-07, 5.03806e-06, 0.765468)
bones/32/rotation = Quaternion(0.646337, -6.07024e-06, 1.54117e-07, 0.763052)
bones/36/rotation = Quaternion(0.05787, -0.37057, -0.785921, 0.491587)
bones/37/rotation = Quaternion(-0.522273, -0.000113005, -0.000775592, 0.852778)
bones/43/rotation = Quaternion(0.05787, 0.37057, 0.785921, 0.491587)
bones/45/rotation = Quaternion(0.479413, 3.13704e-07, 4.09958e-06, 0.87759)
bones/46/rotation = Quaternion(0.483384, -7.06844e-06, 4.03367e-07, 0.875408)

[node name="WiggleBone" type="BoneAttachment3D" parent="metarig/Skeleton3D" index="18"]
transform = Transform3D(1, 0, 1.50996e-07, 5.61892e-10, -0.999993, -0.00372123, 1.50995e-07, 0.00372147, -0.999993, -9.89133e-17, 1.16288, -0.853674)
bone_name = "udder"
bone_idx = 48
script = ExtResource("2_g4px4")
properties = SubResource("Resource_px2ww")

[node name="WiggleBone2" type="BoneAttachment3D" parent="metarig/Skeleton3D" index="19"]
transform = Transform3D(-0.264478, 0.939693, 0.216862, 0.217307, -0.161018, 0.962731, 0.939589, 0.301747, -0.161617, 0.219592, 1.47379, 1.71221)
bone_name = "eye.L"
bone_idx = 15
script = ExtResource("2_g4px4")
properties = SubResource("Resource_2oobj")

[node name="WiggleBone3" type="BoneAttachment3D" parent="metarig/Skeleton3D" index="20"]
transform = Transform3D(-0.264478, -0.939693, -0.216862, -0.217308, -0.161018, 0.962731, -0.939589, 0.301747, -0.161617, -0.219592, 1.47379, 1.71221)
bone_name = "eye.R"
bone_idx = 19
script = ExtResource("2_g4px4")
properties = SubResource("Resource_mety0")

[node name="WiggleBone4" type="BoneAttachment3D" parent="metarig/Skeleton3D" index="21"]
transform = Transform3D(0.423607, -0.889404, 0.171811, 0.833607, 0.308527, -0.45816, 0.35448, 0.337302, 0.872107, -0.264005, 1.58906, 1.47231)
bone_name = "ear.R"
bone_idx = 17
script = ExtResource("2_g4px4")
properties = SubResource("Resource_uxset")

[node name="WiggleBone5" type="BoneAttachment3D" parent="metarig/Skeleton3D" index="22"]
transform = Transform3D(0.423607, 0.889404, -0.171811, -0.833607, 0.308527, -0.45816, -0.35448, 0.337302, 0.872107, 0.264005, 1.58906, 1.47231)
bone_name = "ear.L"
bone_idx = 11
script = ExtResource("2_g4px4")
properties = SubResource("Resource_5cq28")

[node name="AnimationPlayer" parent="." index="2"]
autoplay = "Idle"
playback_default_blend_time = 0.2
